        1  0.98152   1.000  0.153  0.817  0.162  0.637  0.293  0.761 -0.779  0.644 -0.557  0.401  0.407  0.297 -0.774 -0.673  0.252
        2  0.90457   0.153  1.000  0.246  0.180  0.114  0.164  0.144 -0.036  0.238  0.004  0.132  0.079  0.012 -0.037  0.080 -0.569
        3  0.96800   0.817  0.246  1.000  0.204  0.582  0.229  0.657 -0.737  0.597 -0.566  0.354  0.358  0.203 -0.755 -0.460  0.128
        4  0.88887   0.162  0.180  0.204  1.000  0.152  0.159  0.191 -0.044  0.279  0.047  0.162  0.024  0.092 -0.072  0.043  0.051
        5  0.91957   0.637  0.114  0.582  0.152  1.000  0.351  0.622 -0.494  0.558 -0.409  0.445  0.370  0.304 -0.542 -0.280  0.202
        6  0.89700   0.293  0.164  0.229  0.159  0.351  1.000  0.382 -0.093  0.325 -0.005  0.261  0.366  0.269 -0.126 -0.024  0.122
        7  0.95599   0.761  0.144  0.657  0.191  0.622  0.382  1.000 -0.527  0.615 -0.346  0.448  0.428  0.284 -0.549 -0.369  0.253
        8  0.99336  -0.779 -0.036 -0.737 -0.044 -0.494 -0.093 -0.527  1.000 -0.383  0.773 -0.295 -0.300 -0.282  0.943  0.631 -0.127
        9  0.90938   0.644  0.238  0.597  0.279  0.558  0.325  0.615 -0.383  1.000 -0.208  0.385  0.338  0.253 -0.404 -0.270  0.154
       10  0.98053  -0.557  0.004 -0.566  0.047 -0.409 -0.005 -0.346  0.773 -0.208  1.000 -0.280 -0.293 -0.227  0.797  0.478 -0.069
       11  0.91785   0.401  0.132  0.354  0.162  0.445  0.261  0.448 -0.295  0.385 -0.280  1.000  0.246  0.256 -0.318 -0.181  0.093
       12  0.92083   0.407  0.079  0.358  0.024  0.370  0.366  0.428 -0.300  0.338 -0.293  0.246  1.000  0.199 -0.314 -0.219  0.111
       13  0.93085   0.297  0.012  0.203  0.092  0.304  0.269  0.284 -0.282  0.253 -0.227  0.256  0.199  1.000 -0.259 -0.198  0.084
       14  0.99074  -0.774 -0.037 -0.755 -0.072 -0.542 -0.126 -0.549  0.943 -0.404  0.797 -0.318 -0.314 -0.259  1.000  0.601 -0.141
       15  0.96166  -0.673  0.080 -0.460  0.043 -0.280 -0.024 -0.369  0.631 -0.270  0.478 -0.181 -0.219 -0.198  0.601  1.000  0.152
       16  0.92429   0.252 -0.569  0.128  0.051  0.202  0.122  0.253 -0.127  0.154 -0.069  0.093  0.111  0.084 -0.141  0.152  1.000
       17  0.95859  -0.715 -0.167 -0.868 -0.171 -0.523 -0.167 -0.558  0.690 -0.506  0.546 -0.321 -0.327 -0.215  0.699  0.661  0.114
                     1.000  0.282  0.580  0.148  0.546 -0.664  0.545 -0.452  0.520  0.532  0.529 -0.645
       18  0.89954  -0.024 -0.007 -0.068 -0.690 -0.041  0.007 -0.022  0.065 -0.090  0.029 -0.072  0.027 -0.073  0.072  0.272  0.252
                     0.282  1.000  0.267  0.277  0.213 -0.007  0.200  0.027  0.086  0.008  0.053 -0.119
       19  0.91510  -0.485  0.074 -0.408 -0.019 -0.736 -0.170 -0.422  0.502 -0.342  0.458 -0.310 -0.269 -0.254  0.524  0.538  0.056
                     0.580  0.267  1.000  0.344  0.585 -0.439  0.487 -0.345  0.462  0.429  0.457 -0.487
       20  0.92096   0.095  0.166  0.114  0.127  0.048 -0.391  0.121  0.101  0.190  0.134  0.025 -0.072 -0.086  0.095  0.295  0.284
                     0.148  0.277  0.344  1.000  0.361  0.054  0.267  0.054  0.132  0.157  0.151 -0.045
       21  0.94371  -0.488  0.092 -0.404  0.054 -0.338 -0.065 -0.631  0.540 -0.239  0.468 -0.216 -0.231 -0.164  0.538  0.548  0.034
                     0.546  0.213  0.585  0.361  1.000 -0.416  0.589 -0.240  0.508  0.517  0.511 -0.380
       22  0.99190   0.824  0.097  0.776  0.119  0.572  0.204  0.622 -0.952  0.490 -0.701  0.368  0.366  0.329 -0.904 -0.550  0.207
                    -0.664 -0.007 -0.439  0.054 -0.416  1.000 -0.457  0.665 -0.573 -0.585 -0.683  0.828
       23  0.94397  -0.465 -0.028 -0.488 -0.027 -0.288  0.083 -0.254  0.619 -0.445  0.542 -0.142 -0.110 -0.070  0.615  0.428  0.036
                     0.545  0.200  0.487  0.267  0.589 -0.457  1.000 -0.205  0.582  0.572  0.605 -0.310
       24  0.97198   0.511  0.025  0.507  0.006  0.438  0.125  0.400 -0.614  0.291 -0.859  0.350  0.365  0.292 -0.660 -0.376  0.107
                    -0.452  0.027 -0.345  0.054 -0.240  0.665 -0.205  1.000 -0.389 -0.383 -0.448  0.678
       25  0.94942  -0.594 -0.115 -0.567 -0.113 -0.492 -0.162 -0.483  0.626 -0.375  0.581 -0.752 -0.251 -0.215  0.643  0.359 -0.120
                     0.520  0.086  0.462  0.132  0.508 -0.573  0.582 -0.389  1.000  0.596  0.622 -0.446
       26  0.95521  -0.628 -0.110 -0.602 -0.046 -0.472 -0.246 -0.504  0.634 -0.381  0.581 -0.275 -0.736 -0.164  0.645  0.363 -0.158
                     0.532  0.008  0.429  0.157  0.517 -0.585  0.572 -0.383  0.596  1.000  0.624 -0.437
       27  0.97032  -0.642 -0.059 -0.591 -0.083 -0.480 -0.180 -0.462  0.746 -0.352  0.656 -0.287 -0.258 -0.659  0.745  0.409 -0.173
                     0.529  0.053  0.457  0.151  0.511 -0.683  0.605 -0.448  0.622  0.624  1.000 -0.528
       28  0.97710   0.694  0.024  0.648  0.105  0.536  0.227  0.561 -0.779  0.452 -0.604  0.391  0.396  0.369 -0.855 -0.601  0.076
                    -0.645 -0.119 -0.487 -0.045 -0.380  0.828 -0.310  0.678 -0.446 -0.437 -0.528  1.000

