Id_ZMass_LeptonEta0_Pt0:  6.03798e-07
Id_ZMass_LeptonEta0_Pt1:  49.6319
Id_ZMass_LeptonEta0_Pt2:  8.65698e-06
Id_ZMass_LeptonEta1_Pt0:  186.057
Id_ZMass_LeptonEta1_Pt1:  191.572
Id_ZMass_LeptonEta1_Pt2:  1.39281e-08
Id_ZMass_LeptonEta2_Pt0:  503.75
Id_ZMass_LeptonEta2_Pt1:  310.3
Id_ZMass_LeptonEta2_Pt2:  137.822
Id_ZMass_LeptonEta3_Pt0:  363.428
Id_ZMass_LeptonEta3_Pt1:  228.775
Id_ZMass_LeptonEta3_Pt2:  101.11
Id_ZMass_LeptonEta4_Pt0:  79.5929
Id_ZMass_LeptonEta4_Pt1:  3.48439e-07
Id_ZMass_LeptonEta4_Pt2:  1.08585e-05
Id_ZMass_LeptonEta5_Pt0:  315.709
Id_ZMass_LeptonEta5_Pt1:  1.25558e-07
Id_ZMass_LeptonEta5_Pt2:  1.40149e-06
Id_ZMass_LeptonEta6_Pt0:  571.633
Id_ZMass_LeptonEta6_Pt1:  509.528
Id_ZMass_LeptonEta6_Pt2:  3.68664e-05
Id_ZMass_LeptonEta7_Pt0:  71.9451
Id_ZMass_LeptonEta7_Pt1:  48.3305
Id_ZMass_LeptonEta7_Pt2:  6.67417e-08
Id_ZMass_LeptonEta8_Pt0:  85.8038
Id_ZMass_LeptonEta8_Pt1:  1.37494e-07
Id_ZMass_LeptonEta8_Pt2:  4.45803e-08
