Id_ZMass_LeptonEta0_Pt0:  5.22686
Id_ZMass_LeptonEta0_Pt1:  1.16166e-09
Id_ZMass_LeptonEta0_Pt2:  1.46485e-09
Id_ZMass_LeptonEta1_Pt0:  4.23985e-07
Id_ZMass_LeptonEta1_Pt1:  7.77082
Id_ZMass_LeptonEta1_Pt2:  8.15651
Id_ZMass_LeptonEta2_Pt0:  17.5943
Id_ZMass_LeptonEta2_Pt1:  6.05314
Id_ZMass_LeptonEta2_Pt2:  17.5744
Id_ZMass_LeptonEta3_Pt0:  12.1142
Id_ZMass_LeptonEta3_Pt1:  6.67374e-08
Id_ZMass_LeptonEta3_Pt2:  2.18173e-07
Id_ZMass_LeptonEta4_Pt0:  6.67407
Id_ZMass_LeptonEta4_Pt1:  1.65052e-05
Id_ZMass_LeptonEta4_Pt2:  9.18732
Id_ZMass_LeptonEta5_Pt0:  35.3942
Id_ZMass_LeptonEta5_Pt1:  98.1829
Id_ZMass_LeptonEta5_Pt2:  77.9013
Id_ZMass_LeptonEta6_Pt0:  2.73628
Id_ZMass_LeptonEta6_Pt1:  14.0879
Id_ZMass_LeptonEta6_Pt2:  12.4834
Id_ZMass_LeptonEta7_Pt0:  5.66159e-08
Id_ZMass_LeptonEta7_Pt1:  14.9538
Id_ZMass_LeptonEta7_Pt2:  2.63453
Id_ZMass_LeptonEta8_Pt0:  6.52296e-08
Id_ZMass_LeptonEta8_Pt1:  1.02575e-05
Id_ZMass_LeptonEta8_Pt2:  2.67161e-08
