Id_ZMass_LeptonEta0_Pt0:  89.8452
Id_ZMass_LeptonEta0_Pt1:  64.3839
Id_ZMass_LeptonEta0_Pt2:  21.8942
Id_ZMass_LeptonEta1_Pt0:  47.284
Id_ZMass_LeptonEta1_Pt1:  4.07808e-06
Id_ZMass_LeptonEta1_Pt2:  5.53419e-06
Id_ZMass_LeptonEta2_Pt0:  240.224
Id_ZMass_LeptonEta2_Pt1:  8.04838e-06
Id_ZMass_LeptonEta2_Pt2:  1.52455e-05
Id_ZMass_LeptonEta3_Pt0:  152.17
Id_ZMass_LeptonEta3_Pt1:  2.862e-06
Id_ZMass_LeptonEta3_Pt2:  3.9745e-08
Id_ZMass_LeptonEta4_Pt0:  32.5335
Id_ZMass_LeptonEta4_Pt1:  67.7558
Id_ZMass_LeptonEta4_Pt2:  208.789
Id_ZMass_LeptonEta5_Pt0:  2.03435e-06
Id_ZMass_LeptonEta5_Pt1:  0.00075483
Id_ZMass_LeptonEta5_Pt2:  61.5228
Id_ZMass_LeptonEta6_Pt0:  5.40604e-07
Id_ZMass_LeptonEta6_Pt1:  8.67119e-06
Id_ZMass_LeptonEta6_Pt2:  8.21063e-06
Id_ZMass_LeptonEta7_Pt0:  41.7752
Id_ZMass_LeptonEta7_Pt1:  7.03606e-05
Id_ZMass_LeptonEta7_Pt2:  1.10321e-06
Id_ZMass_LeptonEta8_Pt0:  81.4505
Id_ZMass_LeptonEta8_Pt1:  57.3567
Id_ZMass_LeptonEta8_Pt2:  52.3459
