Id_ZMass_LeptonEta0_Pt0:  169.16
Id_ZMass_LeptonEta0_Pt1:  166.663
Id_ZMass_LeptonEta0_Pt2:  133.051
Id_ZMass_LeptonEta1_Pt0:  390.537
Id_ZMass_LeptonEta1_Pt1:  0.000101185
Id_ZMass_LeptonEta1_Pt2:  1.34284e-07
Id_ZMass_LeptonEta2_Pt0:  957.823
Id_ZMass_LeptonEta2_Pt1:  348.142
Id_ZMass_LeptonEta2_Pt2:  42.2782
Id_ZMass_LeptonEta3_Pt0:  1142.25
Id_ZMass_LeptonEta3_Pt1:  2.44355e-05
Id_ZMass_LeptonEta3_Pt2:  1.64508e-06
Id_ZMass_LeptonEta4_Pt0:  358.854
Id_ZMass_LeptonEta4_Pt1:  16.2981
Id_ZMass_LeptonEta4_Pt2:  286.067
Id_ZMass_LeptonEta5_Pt0:  663.529
Id_ZMass_LeptonEta5_Pt1:  608.919
Id_ZMass_LeptonEta5_Pt2:  1.67159e-06
Id_ZMass_LeptonEta6_Pt0:  514.347
Id_ZMass_LeptonEta6_Pt1:  585.337
Id_ZMass_LeptonEta6_Pt2:  1.55914e-05
Id_ZMass_LeptonEta7_Pt0:  192.844
Id_ZMass_LeptonEta7_Pt1:  107.796
Id_ZMass_LeptonEta7_Pt2:  57.5366
Id_ZMass_LeptonEta8_Pt0:  62.2915
Id_ZMass_LeptonEta8_Pt1:  1.14719e-06
Id_ZMass_LeptonEta8_Pt2:  12.432
